333333333333333333333333                     
300050050050050050050003                     
300060060060060060060003     
300050050050050050050003     
300060060060060060060003     
300050050050050050050003     
300060060060060060060003     
300050050050050050050003     
300060060060060060060003    
444444444000000444444444     
00000000000000000000000     
00000000000000000000000     
00000000000000000000000     
00000000000000000000000     
00000000000000000000000     
00000000000000000000000     
00000000000000000000000     
00000000000000000000000     
111111111111111111111111     
111111111111111111111111     
111111111111111111111111                        
111111111111111111111111  
